Dimension 1    Dimension 2
-------------  -------------
   1160.14       -293.918
   1269.12         15.6302
    995.794        39.1567
   -407.181       -67.3803
    930.341       189.341
   -211.591       -79.8774
    821.211       -47.1497
    -25.09        -74.186
   -191.293       -42.1265
   -238.293       -65.3865
    304.688       -17.7251
    424.361      -109.22
    634.514       167.205
     63.0427      111.678
   -196.441        29.6579
     56.0047      -29.1483
    235.858      -108.426
    447.393      -102.152
   1615.09       -270.333
   -191.621        12.2592
   -285.051        14.5574
   -683.584       -32.5761
    112.56         -9.16055
   1873.73       -260.196
   1273.73       -479.321
    634.88        -79.9317
      8.59184     -16.9844
    677.785       104.825
    373.72       -135.335
    453.678        77.4
    903.981       -38.9102
   -103.689      -187.685
    524.945       -31.2276
   1062.17        -50.2401
    404.386       -67.0795
    410.05          2.86413
    -80.6578       23.3635
   -355.878        61.5356
   -128.973       132.607
   -170.246        -9.05488
   -127.995       -30.6875
   -462.028       -52.8026
    897.027       -15.1721
    -34.3752     -107.673
   -184.707       -33.0807
    807.565         4.27138
   -783.839       -56.8266
   -166.757       -40.0147
   -362.7         -21.2154
   -205.112        13.9403
   -430.034        -5.31969
   -235.894        45.1306
   -416.47         -2.57069
    576.36         95.4517
    157.404       -28.1567
   -448.983       -16.1412
   1342.14       -231.148
     90.9989      -52.6642
   -286.145        23.9333
   -744.092       -54.3008
   -616.73        -27.7352
   -745.601       -56.1645
     64.4084      -48.47
   -693.962       -41.2212
    -74.2768     -137.543
     45.1754      -11.5227
   -672.377       -44.8825
   -490.88         -8.46032
   -687.223       -57.796
   -358.982        38.7105
   1092.4        -105.036
   -724.663       -42.2281
    828.581      -180.668
    -95.5564      -25.0173
   -327.216       -17.5942
    379.602       -38.2014
   -285.278        61.3465
    811.39        -77.4174
    946.866       120.574
   -299.25          7.0783
   -436.504       -32.4503
   -298.363        22.6722
   2077.41        173.518
    606.824       191.923
   -378.661       -18.841
    838.236       -15.4744
    -64.4631       31.6413
    854.614       -25.1845
   -360.5          -2.82857
    -66.7916       37.8368
    -61.9425       46.6728
     -4.73708      88.7035
    -96.5563      -62.3547
   -207.477         8.71041
    150.753       -31.2664
   1062.2          69.8322
   -436.374        25.7538
   -628.769       -41.6556
   -442.121       -16.2574
    -53.1056       17.5964
    -15.097       -75.3359
   -863.142       -77.3995
   -388.027         4.61319
   -631.21        -35.8248
   -575.376       -24.8922
   -110.478       -78.7648
   -433.856       -21.2105
   -387.259        13.4996
   1716.42        -36.5487
   -445.594       -33.1791
   -629.931       -45.6688
   -393.496        34.1548
   -159.55         68.2042
   -600.775       -11.6916
   -732.351       -53.7549
   -367.752       -30.6879
   -736.744       -33.8096
    198.251       -87.5101
    402.218       -93.7147
    495.887        82.4188
   -448.933       -23.2226
    793.467        14.4327
   1604.8         328.668
   -123.525        58.3016
   -266.553        42.2631
   -167.747        23.6557
    -70.6506      -54.0974
    815.324        72.1539
    -90.247        78.6144
    885.999        91.8336
   -391.369         3.83376
    284.948       -62.392
    332.776       -20.219
     91.1666       69.6907
    826.132        -8.9246
   -272.444        -9.51646
   -406.046       -24.6173
   -492.119        -1.08947
     93.6953      -26.5917
   -523.163         0.873333
   -652.275       -34.6387
    385.45        -47.3833
   -457.449       -23.8971
   -277.649         0.876978
   -532.842       -28.4348
   -433.332         2.76975
   -363.461       -40.6685
    -42.3586       66.6974
   -105.469        46.561
   -169.629        20.5231
   -296.311        21.1762
   -776.089       -59.0734
   -611.75        -43.8521
   -519.562        -5.35418
   -234.885         6.37529
   -373.014        -2.35977
    523.877        46.0537
    247.071       114.296
   -406.209         3.98322
   -502.294       -33.5343
   -409.978       -26.3023
    790.621       111.272
   1448.43       -223.241
   -379.991         7.11926
   1839.37         91.2889
    -67.1063       81.3125
   -555.406       -12.2229
    446.203         1.22499
    842.414      -122.192
    -58.8925       71.7686
   -383.867         8.91187
     50.4877     -135.396
    232.515       -44.385
   -562.095         9.80853
   -563.845       -16.1867
   -755.968       -43.8411
   -603.444       -47.2085
    178.689       100.339
   -300.734        30.9275
   -342.039        35.9439
   2828.24        151.249
   1376.39        -65.7598
    390.199      -106.224
   -486.024        -1.75371
    107.058        -0.382197
   -555.749       -58.6794
    652.582        55.3453
   -430.248       -14.4062
   -453.466         9.49686
   -386.067         9.76167
   -124.351        23.0256
   -333.298        30.3436
   -685.47        -14.7222
   -187.831       -94.0838
    -73.1332       64.2804
   -312.697        26.8229
    -96.1624      -18.0496
    490.818       135.754
    947.873         2.66755
    132.42        -95.3796
   -308.526       -40.2779
    461.218        67.9364
   1482.61        307.417
    204.419      -190.383
   -263.623       -42.7686
    124.67         -3.63418
   -658.207       -22.9161
    412.943        42.593
   -272.413        17.9466
     80.2699       33.4518
    997.051       141.216
   -405.093       -20.7422
   2366.7         739.621
    273.638       178.227
    -81.9336       -1.78031
   -151.622         2.88015
   -415.428        -9.19541
   -582.354       -38.2153
   1267.96        -93.6012
   1662.82       -343.279
   -194.877        17.0949
   -215.207        20.8669
   -611.093       -30.5432
    232.616       -16.6088
   -204.015        -3.68625
    -12.7814       -7.5952
   -585.755       -26.6612
    -46.9996       63.1351
   -302.944        -2.57684
   -228.328       -39.089
    388.504        45.5474
   -502.721         0.157794
   -491.151       -17.2257
   1194.01         53.1752
   -662.871       -38.723
   -168.803        41.6011
   2296.48       -203.099
   1083.93        105.66
   -116.086        33.9352
    589.797       -46.6624
   -210.733        34.3979
   -382.931        22.2895
   -487.582       -15.6193
   -182.892        35.2232
    719.906       149.652
   -574.575       -23.6542
   -298.651        47.5679
   -281.256         3.45198
   -524.769       -43.2872
   -462.96        -10.9322
   1338.9          20.7294
   -447.249       -18.8839
   1188.53        -74.6744
    433.73         56.6696
   1201.44       -126.878
    -73.8862      -16.3587
   1184.93        -70.0696
     73.3575       25.5982
    363.607       -76.6894
    178.606        -3.3267
   1153.07         41.0705
    433.285        62.778
    509.68         35.9013
    145.37         32.5007
    617.243       -54.5431
   2584.83       -671.532
   -550.816       -27.3989
   -236.592        33.4188
   -317.447        24.8444
   -564.288       -21.2599
   -180.884        82.624
   -502.159        -8.76766
   1726.09        -64.8093
   -640.723       -39.8915
    554.793        66.0453
   -462.648        24.5107
   -497.118        -1.73914
    535.852       197.976
   -164.873         2.68255
   -216.055        51.6788
    973.892       -24.5885
   -415.134       -14.6095
    894.419        31.331
    206.7          50.7627
   -316.321        29.7786
   -357.936        22.3127
   -397.835        -9.41485
   -333.456        38.6945
   -514.677         6.92703
   -496.155        -3.00671
    -96.6263       56.1472
    -44.1507       64.5993
   -327.023        32.5045
   -427.173        -1.95384
   -365.512        30.5004
   -226.423        52.299
   -570.885         4.28106
   -395.512       -21.662
    -64.3443       12.8967
   -610.885        -5.74525
   1299.23       -127.454
   -377.51         13.9647
   1010.01         83.9111
   -600.574       -12.3315
   -465.988       -12.6189
   -470.296         6.16013
   -270.868        25.8779
   -723.568       -41.1682
   -202.784        18.5714
   -243.067         1.81132
   -464.331         4.0444
    -29.5307       29.2298
   -302.989         7.02324
   -482.5           3.97065
   -775.055       -39.0794
   -379.353        26.2863
   -416.348        25.1942
    710.454         4.6117
   -713.27        -48.4455
   -404.813        37.4287
   -592.3         -28.6009
    987.023       126.63
   -319.484        17.5578
   1222.21        -27.8036
   -357.813       -14.1673
   -348.766        17.8079
   -132.658        35.0966
   -415.424         6.56958
    288.844        11.2396
    171.325        98.3831
    233.819        20.2557
   -284.452         7.41619
   -520.429         1.64325
   -470.842       -25.4816
   -388.139        11.3816
    551.656       -24.0643
   -334.956        37.9811
   1078.05       -141.25
   -605.035       -36.9529
   2304.22       -117.535
    -23.0141       -1.91459
   -647.016       -47.1254
   -524.429       -11.8038
    845.947       119.001
   -434.234       -11.6352
   -622.255       -13.5328
   -382.097       -14.4239
      7.11502      11.868
   -478.9          -5.78268
   -447.999         4.47918
   -411.615       -24.7026
     84.9319       71.3635
   2721           -62.7363
    178.493       -35.047
   -506.415        -9.52717
   -373.292        28.4427
   -322.379        28.1222
   -192.017        44.2909
   -710.878       -54.053
   -573.513       -93.4491
   -337.663        13.6031
   -279.264        41.5181
   -340.809        20.7288
    204.757        90.2117
   -240.38         24.9681
   1102.18         78.9876
    980.521        85.4975
   -322.054       -35.3392
   2404.94       -412.309
   1586.13          8.94826
    340.252        11.2389
    -24.2146       80.778
    939.4         285.853
   1265.88         28.6392
   -220.142        44.1996
     52.1529      124.551
   -618.289         3.4935
   -220.454        24.1655
   -231.153        52.563
   -471.867       -57.7228
   -486.649       -19.8614
   -518.977       -16.5734
   -444.38         26.3058
   -340.081       -18.814
   -279.53         36.7248
    -99.7698       71.9499
   -401.128        17.063
   -146.891        20.3881
   -505.808        -1.35897
    641.498       219.956
   -590.719       -32.9999
   -701.731       -67.7317
    457.687      -171.343
   1418.98         20.3572
   -383.908       -11.9055
   -192.916        62.573
   -226.835        23.8751
   -324.223        25.0659
   -473.758       -37.6743
   -389.23        -25.5245
    539.399        70.8306
   -360.471       -30.5324
   -289.405        23.3455
   -334.307        29.5606
   -394.359        21.5257
   -497.862       -32.0078
    132.173        89.3647
   -273.669         1.82922
    576.21         45.1664
   -330.164       -21.297
   -441.248       -32.1354
   -497.868       -28.8272
   -698.453       -29.9911
      8.28218      40.2489
     77.3496       28.7906
   -421.864        -3.60095
   -646.309       -58.2131
    826.211      -322.902
   -352.6          26.0956
   -505.325       -15.816
   -436.338       -23.0079
    -59.1574       38.7107
   -475.743        -0.849174
   -189.064        21.1713
   -617.194       -53.2272
   -613.829       -36.0873
   -544.413       -46.5432
   -488.805       -49.7386
   -537.174         4.07193
   -331.993        21.1008
    -24.8658       51.0201
   -410.187        29.4104
    821.59        198.676
    857.39         14.6293
    -79.1889       69.7414
    -39.121       -41.605
   -293.17          7.06871
   -134.67         30.5239
   -145.251        14.9583
   -190.165        58.1944
   -493.691       -32.7968
    488.376        24.9441
   -185.145        31.468
   -604.823        -1.94074
    525.707        73.2758
   -425.634         7.48961
    646.046        -9.44846
    -34.3241       43.65
    -41.0213       30.1085
   1356.46         30.9994
   -436.193         3.04514
    741.385       178.111
   -416.941         3.21489
   -117.871        58.96
   -296.969       -10.4404
   -200.881         7.04543
   -427.106       -22.3239
   -273.822        28.2768
   -286.589        15.4498
   -644.929       -36.5603
    803.716      -162.099
   3867.18       -171.017
   -130.334        68.1535
   -457.054        -7.28546
   -227.411        -0.502889
   -183.928       -19.4029
   -225.395        -1.4661
   -620.872       -56.0023
    648.811        -9.67822
   -429.748       -27.507
   -615.059       -56.1898
   -373.872       -12.9972
     38.1306       14.0148
   -373.893         4.62416
   -538.116       -21.0684
   -313.283        16.0546
    -63.4927       -4.07986
   -168.344        36.4381
   -484.482         0.419557
    134.503       107.457
   -389.809         2.07601
    -70.463       -18.5601
   -246.259        21.6531
   -210.513        29.1186
     24.4347       92.9604
   -349.092         3.5388
    -37.6291       35.2366
   1002.15         -7.9982
   -405.353       -28.8205
    278.679        67.7714
   -319.373       -27.6853
    457.339       117.675
    652.245        18.5094
   -389.695        28.0487
   -259.642        21.1049
    -70.2345       72.6516
   -300.03        -16.5977
   -325.929        -7.77853
    832.61        -19.6838
   1099.49        112.597
     -2.30676      42.1732
   -109.465        -2.22927
   -374.935        17.8701
   2166.19       -108.423
   -708.652       -46.31
   -672.591       -40.4102
   -418.653        16.9758
   -552.98         -3.10696
    125.262       116.51
     64.5965       50.6509
   -468.336        15.365
    -90.5471       84.7029
    -81.7539      -65.157
    -13.883        13.2422
     98.3555       -4.57582
   -482.149       -17.0434
    731.367        22.0003
    946.296        81.0505
   -260.053       -31.315
   -303.493        -4.546
   -681.584       -52.4011
   2127.02        100.288
   -520.809         2.30214
   -196.894        21.1031
   -620.561       -48.0938
   -745.022       -57.4317
   -192.431        -5.30837
   -368.578         4.34158
   -225.523        66.5181
   -392.929        -7.66612
   -401.674       -28.1147
   -407.536       -33.1164
   -134.103       -12.2788
    991.379       154.527
   -556.617        -2.12658
   1135.58         77.0746
   -143.995        57.6047
   -465.867        -8.71339
   -790.313       -79.8165
   -815.98        -74.3364
   -493.648         3.93097
    -60.7825       38.5607
    -39.6621       39.8148
   -276.258        30.4219
   -201.254        39.8182
   -171.841         8.35606
   -597.225       -25.3103
   -623.076       -14.5232
   -635.064       -48.2346
   -473.473       -56.5534
   -554.764        -9.01713
   -524.66         -6.2808
   -322.054        22.3741
   -704.967       -31.3012
   -317.926        27.3694
   -622.215       -14.2743
   -636.046       -17.0436
   -670.677       -43.207
   -125.245        78.4234
   -479.336        -4.37787
   -177.243        43.7231
   -518.012        -1.53085
     61.9408       35.2648
   1167.14        105.597
   1414.13        110.222
   1045.02         77.0576
    314.502        47.5535
   1124.86         34.1292
   -771.528       -88.6431
